03202608080725095319
01202608080652080239
01202608081037017602
06202608080802021265
04202608081104041544
03202618080731041233
06202608080614092657
06202608080536086748
04202608080514016105
06202608081808047959
04202608080734025439
06202608080935099391
01202608880902038441
02202608081006081793
01202608081403091134
02202608081243079693
04202608081720071027
06202608081223049291
02202608081711041994
01202608081419078838
02199908080755013763
03202608081404025475
06202608081110054833
02202608081226015138
01202608081735085107
03202608081044055898
06202608081237069795
01202608081805045381
04202608081642018519
01202608081644050580
06202608081552068411
0420260808023102X405
03202608080529056591
02202608081407074709
01202608080849047674
02202608081615062153
04202608081831020561
02202608081225082016
03202608080752066429
06202608080945064433
03202608081556059865
02202608080705033097
02202608080842040583
01202608081253087217
06202609080813036383
02202608081134058398
06202608081420026448
06202608081441098630
01202608081257099204
06202608081125062294
04202608080630093137
04202608080512018827
02202608081210024408
03202608081403023419
01202608081409080335
01202608081039013342
01202608081813090487
04202608080740043063
03202608081423072147
01202608080654073972
